216,5 106,5 72,53 12,32
218,4 108,43 72,54 13,43
220,1 111,5 72,55 14,45
231,3 114,28 72,56 15,65
248,67 141,51 72,71 17,1
245,1 121,42 72,58 17,45
246 125,28 72,59 17,56
248,67 141,51 72,71 17,32
246,7 140,84 72,62 17,34
246,9 140,62 72,65 17,32
248,67 141,51 72,71 17,21
249,67 141,55 72,73 16,43
248,67 141,51 72,71 17,3
251,78 143,36 72,81 14,23
260,01 146,06 72,83 11,65
268,34 148,17 72,87 11,24
268,92 151,51 72,91 10,67
248,67 141,51 72,71 17,27
273,78 154,35 72,82 9,03
278,82 158,28 72,83 8,54